Attaque

Bas
1	0	26	20	24	4	0
2	24	26	22	30	6	0
3	54	26	20	32	4	0
4	80	26	20	33	4	0
5	104	26	28	31	4	0
6	135	26	31	29	4	0

Haut
1	167	37	23	22	0	0
2	191	35	23	24	0	1
3	214	27	20	32	0	8
4	237	24	20	35	0	8
5	259	32	29	27	9	5
6	290	36	32	23	12	1

Droite
1	325	0	16	23	0	1
2	348	0	23	24	0	2
3	374	0	30	22	0	1
4	396	0	31	21	0	0
5	420	0	28	28	0	0
6	443	0	23	31	0	0

Gauche
1	489	0	16	23	0	1
2	509	0	23	24	7	2
3	529	0	30	22	14	1
4	550	0	31	21	13	0
5	572	0	28	28	12	0
6	592	0	23	31	8	0

nb left	top	width height	décalex décaley