Bas
1	0	0	16	24	0	0
2	23	0	16	24	0	0
3	47	0	16	24	0	0
4	70	0	16	24	0	0
5	93	0	16	24	0	0
6	117	0	16	24	0	0
7	140	0	16	24	0	0

Haut
1	167	0	17	24	0	0
2	190	0	17	24	0	0
3	214	0	17	24	0	0
4	237	0	17	24	0	0
5	261	0	17	24	0	0
6	285	0	17	24	0	0
7	306	0	17	24	0	0

Droite
1	325	0	19	24	0	0
2	348	0	19	24	0	0
3	374	0	19	24	0	0
4	396	0	19	24	0	0
5	420	0	19	24	0	0
6	443	0	19	24	0	0
7	466	0	19	24	0	0

Gauche
1	489	0	19	24	0	0
2	509	0	19	24	0	0
3	529	0	19	24	0	0
4	550	0	19	24	0	0
5	572	0	19	24	0	0
6	592	0	19	24	0	0
7	612	0	19	24	0	0

nb left	top	width height	décalex décaley

Attaque

Bas

1	0	26	20	24	4	0
2	24	26	22	30	6	0
3	54	26	20	32	4	0
4	80	26	20	33	4	0
5	104	26	28	31	4	0
6	135	26	31	29	4	0


1	0	26	20	24	4	0	6	26	14	23	0	37	10	6
2	24	26	22	30	6	0	31	27	15	22	25	45	13	11
3	54	26	20	32	4	0	58	27	16	20	62	46	10	13
4	80	26	20	33	4	0	84	28	16	19	93	47	6	12
5	104	26	28	31	4	0	108	28	16	22	118	43	14	14
6	135	26	31	29	4	0	139	28	16	22	155	41	11	14

Haut
1	167	37	23	22	0	0
2	191	35	23	24	0	2
3	214	27	20	32	0	10
4	237	24	20	35	0	13
5	259	27	29	32	9	10
6	290	29	32	30	12	8

1	167	37	23	22	0	0	167	37	14	22	181	47	9	4
2	191	35	23	24	0	2	191	36	16	23	207	35	7	14
3	214	27	20	32	0	10	214	35	16	24	219	27	14	10
4	237	24	20	35	0	13	237	37	16	22	237	24	6	13
5	259	27	29	32	9	10	268	37	16	22	259	26	14	20
6	290	29	32	30	12	8	302	37	16	22	290	29	12	21

Pas fini en dessous

Droite
1	327	36	16	23	0	1
2	345	35	23	24	0	2
3	372	37	30	22	0	1
4	403	38	31	21	0	0
5	437	37	28	28	0	0
6	468	37	23	31	0	0


1	327	36	16	23	0	1	327	37	16	22	335	36	4	1
2	345	35	23	24	0	2	345	37	16	22	354	35	14	14
3	372	37	30	22	0	1	372	38	17	21	389	37	13	15
4	403	38	31	21	0	0	403	38	18	21	421	48	13	6
5	437	37	28	28	0	0	437	37	16	22	451	51	14	14
6	468	37	23	31	0	0	468	37	16	22	477	56	14	12

Gauche
1	493	36	16	23	0	1
2	510	35	23	24	7	2
3	534	37	30	22	14	1
4	565	38	31	21	15	0
5	597	37	28	28	12	0
6	625	37	23	31	8	0


1	493	36	16	23	0	1	493	37	16	22	496	36	4	1
2	510	35	23	24	7	2	517	37	16	22	510	35	14	14
3	534	37	30	22	14	1	548	38	17	21	534	37	13	15
4	565	38	31	21	15	0	578	38	18	21	565	48	13	6
5	597	37	28	28	12	0	609	37	16	22	597	51	14	14
6	625	37	23	31	8	0	632	37	16	22	625	56	14	12

nb left	top	width height	décalex décaley	Body	Att